Query was executed successfully

Query was executed successfully

Query was executed successfully

Query was executed successfully

Query was executed successfully

[[(1),(1),(1),(1),(1),(1),(1),(1),(1),(1)],[(0),(0.11111),(0.22222),(0.33333),(0.44444),(0.55556),(0.66667),(0.77778),(0.88889),(1)],[(-1),(-0.97531),(-0.90123),(-0.77778),(-0.60494),(-0.38272),(-0.11111),(0.20988),(0.58025),(1)],[(0),(-0.32785),(-0.62277),(-0.85185),(-0.98217),(-0.9808),(-0.81481),(-0.4513),(0.14266),(1)],[(1),(0.90245),(0.62445),(0.20988),(-0.2681),(-0.70706),(-0.97531),(-0.9119),(-0.32663),(1)],[(0),(0.52839),(0.9003),(0.99177),(0.74386),(0.19518),(-0.4856),(-0.96721),(-0.72333),(1)],[(-1),(-0.78503),(-0.22431),(0.4513),(0.92931),(0.92392),(0.32785),(-0.59265),(-0.9593),(1)],[(0),(-0.70284),(-1),(-0.6909),(0.08219),(0.8314),(0.92273),(0.04531),(-0.98208),(1)],[(1),(0.62885),(-0.22013),(-0.9119),(-0.85625),(-0.00014),(0.90245),(0.66314),(-0.78663),(1)],[(0),(0.84259),(0.90216),(0.08296),(-0.8433),(-0.83156),(0.28055),(0.98623),(-0.41637),(1)]]

[[(1),(1),(1)],[(0),(0.2),(0.4)],[(-1),(-0.92),(-0.68)],[(0),(-0.568),(-0.944)],[(1),(0.6928),(-0.0752)]];[[(1),(1),(1)],[(0.6),(0.8),(1)],[(-0.28),(0.28),(1)],[(-0.936),(-0.352),(1)],[(-0.8432),(-0.8432),(1)]];[[(0),(0.84512),(0.88384)],[(-1),(-0.35475),(0.78227)],[(0),(-0.98702),(-0.25802)],[(1),(-0.04006),(-0.98869)],[(0),(0.971),(-0.53293)]];[[(-0.07584),(-0.99712),(1)],[(0.75219),(-0.75219),(1)],[(0.97847),(-0.20639),(1)],[(0.42197),(0.42197),(1)],[(-0.4721),(0.88154),(1)]];[[(-1),(0.42846),(0.56235)],[(0),(-0.79962),(0.98281)],[(1),(-0.7483),(0.2239)],[(0),(0.5003),(-0.80369)],[(-1),(0.94842),(-0.86685)]];[[(-0.9885),(0.9885),(1)],[(-0.71409),(0.70005),(1)],[(0.13159),(0.13159),(1)],[(0.872),(-0.48951),(1)],[(0.91481),(-0.91481),(1)]]

[[(1),(1),(1),(1),(1),(1),(1),(1)],[(0),(0.14286),(0.28571),(0.42857),(0.57143),(0.71429),(0.85714),(1)],[(-1),(-0.95918),(-0.83673),(-0.63265),(-0.34694),(0.02041),(0.46939),(1)],[(0),(-0.41691),(-0.76385),(-0.97085),(-0.96793),(-0.68513),(-0.05248),(1)],[(1),(0.84007),(0.40025),(-0.1995),(-0.75927),(-0.99917),(-0.55935),(1)],[(0),(0.65693),(0.99256),(0.79985),(0.1002),(-0.74225),(-0.90641),(1)],[(-1),(-0.65237),(0.16693),(0.88508),(0.87378),(-0.06119),(-0.99449),(1)],[(0),(-0.84332),(-0.89717),(-0.0412),(0.89841),(0.65484),(-0.79844),(1)],[(1),(0.41142),(-0.6796),(-0.9204),(0.15297),(0.99667),(-0.37425),(1)],[(0),(0.96087),(0.50883),(-0.74771),(-0.72358),(0.76898),(0.15686),(1)],[(-1),(-0.13689),(0.97036),(0.27951),(-0.97992),(0.10187),(0.64315),(1)],[(0),(-0.99998),(0.04566),(0.98729),(-0.39633),(-0.62345),(0.94569),(1)],[(1),(-0.14882),(-0.94427),(0.56674),(0.52697),(-0.99251),(0.97803),(1)],[(0),(0.95746),(-0.58524),(-0.50151),(0.99858),(-0.79443),(0.73093),(1)],[(-1),(0.42238),(0.60985),(-0.9966),(0.61427),(-0.14238),(0.275),(1)],[(0),(-0.83678),(0.93373),(-0.35272),(-0.29657),(0.59102),(-0.25951),(1)]]

[[(1),(1),(1)],[(0),(0.07143),(0.14286)]];[[(1),(1),(1)],[(0.21429),(0.28571),(0.35714)]];[[(1),(1),(1)],[(0.42857),(0.5),(0.57143)]];[[(1),(1),(1)],[(0.64286),(0.71429),(0.78571)]];[[(1),(1),(1)],[(0.85714),(0.92857),(1)]];[[(-1),(-0.9898),(-0.95918)],[(0),(-0.21283),(-0.41691)]];[[(-0.90816),(-0.83673),(-0.7449)],[(-0.6035),(-0.76385),(-0.88921)]];[[(-0.63265),(-0.5),(-0.34694)],[(-0.97085),(-1),(-0.96793)]];[[(-0.17347),(0.02041),(0.23469)],[(-0.86589),(-0.68513),(-0.41691)]];[[(0.46939),(0.72449),(1)],[(-0.05248),(0.41691),(1)]];[[(1),(0.95939),(0.84007)],[(0),(0.34988),(0.65693)]];[[(0.64952),(0.40025),(0.10975)],[(0.88186),(0.99256),(0.9676)]];[[(-0.1995),(-0.5),(-0.75927)],[(0.79985),(0.5),(0.1002)]];[[(-0.93982),(-0.99917),(-0.88984)],[(-0.34245),(-0.74225),(-0.98141)]];[[(-0.55935),(0.04977),(1)],[(-0.90641),(-0.32448),(1)]]

[[(0),(1.34054),(2.30279),(2.95633),(3.37127),(3.26929),(2.95618),(2.8491),(3.14998),(3.60555)],[(1.34054),(0),(1.2031),(2.35307),(3.27048),(3.4856),(3.18096),(2.83048),(3.16551),(3.59661)],[(2.30279),(1.2031),(0),(1.40069),(2.65343),(3.24113),(3.31467),(3.07183),(3.06036),(3.74182)],[(2.95633),(2.35307),(1.40069),(0),(1.427),(2.43019),(3.17713),(3.37015),(2.95143),(3.91346)],[(3.37127),(3.27048),(2.65343),(1.427),(0),(1.3601),(2.78519),(3.51746),(3.14804),(4.02218)],[(3.26929),(3.4856),(3.24113),(2.43019),(1.3601),(0),(1.75048),(2.95572),(3.30381),(3.73951)],[(2.95618),(3.18096),(3.31467),(3.17713),(2.78519),(1.75048),(0),(1.6297),(3.24733),(3.42534)],[(2.8491),(2.83048),(3.07183),(3.37015),(3.51746),(2.95572),(1.6297),(0),(2.48262),(3.72382)],[(3.14998),(3.16551),(3.06036),(2.95143),(3.14804),(3.30381),(3.24733),(2.48262),(0),(4.31498)],[(3.60555),(3.59661),(3.74182),(3.91346),(4.02218),(3.73951),(3.42534),(3.72382),(4.31498),(0)]]

[[(0),(3.79155),(3.90456)],[(3.79155),(0),(3.86678)],[(3.90456),(3.86678),(0)]];[[(3.92852),(3.66802),(4.79583)],[(3.77168),(4.04683),(4.54354)],[(4.06322),(3.50413),(4.85782)]];[[(3.92852),(3.77168),(4.06322)],[(3.66802),(4.04683),(3.50413)],[(4.79583),(4.54354),(4.85782)]];[[(0),(4.26056),(4.50937)],[(4.26056),(0),(4.62334)],[(4.50937),(4.62334),(0)]]

[[(0),(3.07564),(4.33057),(3.78385),(3.79821),(3.96974),(3.81083),(4.89898)],[(3.07564),(0),(3.32153),(4.27872),(3.72277),(4.00115),(3.81302),(4.8499)],[(4.33057),(3.32153),(0),(3.35809),(4.31571),(3.62798),(4.0647),(4.69805)],[(3.78385),(4.27872),(3.35809),(0),(3.36022),(4.21024),(3.73534),(4.99727)],[(3.79821),(3.72277),(4.31571),(3.36022),(0),(3.60299),(3.85864),(4.62744)],[(3.96974),(4.00115),(3.62798),(4.21024),(3.60299),(0),(3.99279),(4.93115)],[(3.81083),(3.81302),(4.0647),(3.73534),(3.85864),(3.99279),(0),(4.42749)],[(4.89898),(4.8499),(4.69805),(4.99727),(4.62744),(4.93115),(4.42749),(0)]]

[[(0),(0.417813),(0.808099)],[(0.417813),(0),(0.395228)],[(0.808099),(0.395228),(0)]];[[(1.14851),(1.42711),(1.64685)],[(0.747475),(1.04816),(1.30482)],[(0.359755),(0.6796),(0.971999)]];[[(1.82749),(2),(2.18974)],[(1.54117),(1.78762),(2.06145)],[(1.26342),(1.58076),(1.93131)]];[[(2.39298),(2.5629),(2.6173)],[(2.34643),(2.58565),(2.69132)],[(2.28816),(2.58816),(2.74141)]];[[(2.47986),(2.24012),(2.64575)],[(2.58014),(2.31349),(2.59168)],[(2.662),(2.3948),(2.59306)]];[[(1.14851),(0.747475),(0.359755)],[(1.42711),(1.04816),(0.6796)],[(1.64685),(1.30482),(0.971999)]];[[(0),(0.332122),(0.653753)],[(0.332122),(0),(0.338029)],[(0.653753),(0.338029),(0)]];[[(0.992133),(1.36845),(1.78073)],[(0.708339),(1.12612),(1.58239)],[(0.384894),(0.826501),(1.31075)]];[[(2.19482),(2.54457),(2.74023)],[(2.03861),(2.42745),(2.66068)],[(1.79626),(2.21544),(2.48277)]];[[(2.697),(2.456),(2.6394)],[(2.65809),(2.47028),(2.71196)],[(2.5267),(2.42171),(2.79654)]];[[(1.82749),(1.54117),(1.26342)],[(2),(1.78762),(1.58076)],[(2.18974),(2.06145),(1.93131)]];[[(0.992133),(0.708339),(0.384894)],[(1.36845),(1.12612),(0.826501)],[(1.78073),(1.58239),(1.31075)]];[[(0),(0.451396),(0.951262)],[(0.451396),(0),(0.506576)],[(0.951262),(0.506576),(0)]];[[(1.45626),(1.89929),(2.19912)],[(1.02381),(1.48602),(1.81878)],[(0.523587),(1.0013),(1.36922)]];[[(2.29834),(2.3117),(2.89053)],[(1.9866),(2.16164),(3)],[(1.62459),(2.00704),(3.12655)]];[[(2.39298),(2.34643),(2.28816)],[(2.5629),(2.58565),(2.58816)],[(2.6173),(2.69132),(2.74141)]];[[(2.19482),(2.03861),(1.79626)],[(2.54457),(2.42745),(2.21544)],[(2.74023),(2.66068),(2.48277)]];[[(1.45626),(1.02381),(0.523587)],[(1.89929),(1.48602),(1.0013)],[(2.19912),(1.81878),(1.36922)]];[[(0),(0.488598),(0.894065)],[(0.488598),(0),(0.438303)],[(0.894065),(0.438303),(0)]];[[(1.25842),(1.87434),(3.24826)],[(0.917946),(1.74096),(3.30348)],[(0.554837),(1.50665),(3.18382)]];[[(2.47986),(2.58014),(2.662)],[(2.24012),(2.31349),(2.3948)],[(2.64575),(2.59168),(2.59306)]];[[(2.697),(2.65809),(2.5267)],[(2.456),(2.47028),(2.42171)],[(2.6394),(2.71196),(2.79654)]];[[(2.29834),(1.9866),(1.62459)],[(2.3117),(2.16164),(2.00704)],[(2.89053),(3),(3.12655)]];[[(1.25842),(0.917946),(0.554837)],[(1.87434),(1.74096),(1.50665)],[(3.24826),(3.30348),(3.18382)]];[[(0),(1.00009),(2.73416)],[(1.00009),(0),(1.75448)],[(2.73416),(1.75448),(0)]]

[[(0),(0),(0),(0)],[(0),(0),(0),(0)],[(0),(0),(0),(0)],[(0),(0),(0),(0)]];[[(0),(0),(0),(0)],[(0),(0),(0),(0)],[(0),(0),(0),(0)],[(0),(0),(0),(0)]];[[(0),(0),(0),(0)],[(0),(0),(0),(0)],[(0),(0),(0),(0)],[(0),(0),(0),(0)]];[[(0),(0),(0),(0)],[(0),(0),(0),(0)],[(0),(0),(0),(0)],[(0),(0),(0),(0)]];[[(0),(0),(0),(0)],[(0),(0),(0),(0)],[(0),(0),(0),(0)],[(0),(0),(0),(0)]];[[(0),(0),(0),(0)],[(0),(0),(0),(0)],[(0),(0),(0),(0)],[(0),(0),(0),(0)]];[[(0),(0),(0),(0)],[(0),(0),(0),(0)],[(0),(0),(0),(0)],[(0),(0),(0),(0)]];[[(0),(0),(0),(0)],[(0),(0),(0),(0)],[(0),(0),(0),(0)],[(0),(0),(0),(0)]];[[(0),(0),(0),(0)],[(0),(0),(0),(0)],[(0),(0),(0),(0)],[(0),(0),(0),(0)]];[[(0),(0),(0),(0)],[(0),(0),(0),(0)],[(0),(0),(0),(0)],[(0),(0),(0),(0)]];[[(0),(0),(0),(0)],[(0),(0),(0),(0)],[(0),(0),(0),(0)],[(0),(0),(0),(0)]];[[(0),(0),(0),(0)],[(0),(0),(0),(0)],[(0),(0),(0),(0)],[(0),(0),(0),(0)]];[[(0),(0),(0),(0)],[(0),(0),(0),(0)],[(0),(0),(0),(0)],[(0),(0),(0),(0)]];[[(0),(0),(0),(0)],[(0),(0),(0),(0)],[(0),(0),(0),(0)],[(0),(0),(0),(0)]];[[(0),(0),(0),(0)],[(0),(0),(0),(0)],[(0),(0),(0),(0)],[(0),(0),(0),(0)]];[[(0),(0),(0),(0)],[(0),(0),(0),(0)],[(0),(0),(0),(0)],[(0),(0),(0),(0)]]

Query was executed successfully

Query was executed successfully

Query was executed successfully

Query was executed successfully

Query was executed successfully

