Query was executed successfully

Query was executed successfully

Query was executed successfully

Query was executed successfully

Query was executed successfully

[[(1),(1),(1),(1),(1)],[(0),(0.11111),(0.22222),(0.33333),(0.44444)],[(-1),(-0.97531),(-0.90123),(-0.77778),(-0.60494)],[(0),(-0.32785),(-0.62277),(-0.85185),(-0.98217)],[(1),(0.90245),(0.62445),(0.20988),(-0.2681)]];[[(1),(1),(1),(1),(1)],[(0.55556),(0.66667),(0.77778),(0.88889),(1)],[(-0.38272),(-0.11111),(0.20988),(0.58025),(1)],[(-0.9808),(-0.81481),(-0.4513),(0.14266),(1)],[(-0.70706),(-0.97531),(-0.9119),(-0.32663),(1)]];[[(0),(0.52839),(0.9003),(0.99177),(0.74386)],[(-1),(-0.78503),(-0.22431),(0.4513),(0.92931)],[(0),(-0.70284),(-1),(-0.6909),(0.08219)],[(1),(0.62885),(-0.22013),(-0.9119),(-0.85625)],[(0),(0.84259),(0.90216),(0.08296),(-0.8433)]];[[(0.19518),(-0.4856),(-0.96721),(-0.72333),(1)],[(0.92392),(0.32785),(-0.59265),(-0.9593),(1)],[(0.8314),(0.92273),(0.04531),(-0.98208),(1)],[(-0.00014),(0.90245),(0.66314),(-0.78663),(1)],[(-0.83156),(0.28055),(0.98623),(-0.41637),(1)]]

[[(1),(1)],[(0),(0.2)],[(-1),(-0.92)],[(0),(-0.568)],[(1),(0.6928)]];[[(1),(1)],[(0.4),(0.6)],[(-0.68),(-0.28)],[(-0.944),(-0.936)],[(-0.0752),(-0.8432)]];[[(1),(1)],[(0.8),(1)],[(0.28),(1)],[(-0.352),(1)],[(-0.8432),(1)]];[[(0),(0.84512)],[(-1),(-0.35475)],[(0),(-0.98702)],[(1),(-0.04006)],[(0),(0.971)]];[[(0.88384),(-0.07584)],[(0.78227),(0.75219)],[(-0.25802),(0.97847)],[(-0.98869),(0.42197)],[(-0.53293),(-0.4721)]];[[(-0.99712),(1)],[(-0.75219),(1)],[(-0.20639),(1)],[(0.42197),(1)],[(0.88154),(1)]];[[(-1),(0.42846)],[(0),(-0.79962)],[(1),(-0.7483)],[(0),(0.5003)],[(-1),(0.94842)]];[[(0.56235),(-0.9885)],[(0.98281),(-0.71409)],[(0.2239),(0.13159)],[(-0.80369),(0.872)],[(-0.86685),(0.91481)]];[[(0.9885),(1)],[(0.70005),(1)],[(0.13159),(1)],[(-0.48951),(1)],[(-0.91481),(1)]]

[[(1),(1)],[(0),(0.14286)],[(-1),(-0.95918)],[(0),(-0.41691)]];[[(1),(1)],[(0.28571),(0.42857)],[(-0.83673),(-0.63265)],[(-0.76385),(-0.97085)]];[[(1),(1)],[(0.57143),(0.71429)],[(-0.34694),(0.02041)],[(-0.96793),(-0.68513)]];[[(1),(1)],[(0.85714),(1)],[(0.46939),(1)],[(-0.05248),(1)]];[[(1),(0.84007)],[(0),(0.65693)],[(-1),(-0.65237)],[(0),(-0.84332)]];[[(0.40025),(-0.1995)],[(0.99256),(0.79985)],[(0.16693),(0.88508)],[(-0.89717),(-0.0412)]];[[(-0.75927),(-0.99917)],[(0.1002),(-0.74225)],[(0.87378),(-0.06119)],[(0.89841),(0.65484)]];[[(-0.55935),(1)],[(-0.90641),(1)],[(-0.99449),(1)],[(-0.79844),(1)]];[[(1),(0.41142)],[(0),(0.96087)],[(-1),(-0.13689)],[(0),(-0.99998)]];[[(-0.6796),(-0.9204)],[(0.50883),(-0.74771)],[(0.97036),(0.27951)],[(0.04566),(0.98729)]];[[(0.15297),(0.99667)],[(-0.72358),(0.76898)],[(-0.97992),(0.10187)],[(-0.39633),(-0.62345)]];[[(-0.37425),(1)],[(0.15686),(1)],[(0.64315),(1)],[(0.94569),(1)]];[[(1),(-0.14882)],[(0),(0.95746)],[(-1),(0.42238)],[(0),(-0.83678)]];[[(-0.94427),(0.56674)],[(-0.58524),(-0.50151)],[(0.60985),(-0.9966)],[(0.93373),(-0.35272)]];[[(0.52697),(-0.99251)],[(0.99858),(-0.79443)],[(0.61427),(-0.14238)],[(-0.29657),(0.59102)]];[[(0.97803),(1)],[(0.73093),(1)],[(0.275),(1)],[(-0.25951),(1)]]

[[(1),(1),(1),(1),(1),(1),(1),(1),(1),(1),(1),(1),(1),(1),(1)],[(0),(0.07143),(0.14286),(0.21429),(0.28571),(0.35714),(0.42857),(0.5),(0.57143),(0.64286),(0.71429),(0.78571),(0.85714),(0.92857),(1)],[(-1),(-0.9898),(-0.95918),(-0.90816),(-0.83673),(-0.7449),(-0.63265),(-0.5),(-0.34694),(-0.17347),(0.02041),(0.23469),(0.46939),(0.72449),(1)],[(0),(-0.21283),(-0.41691),(-0.6035),(-0.76385),(-0.88921),(-0.97085),(-1),(-0.96793),(-0.86589),(-0.68513),(-0.41691),(-0.05248),(0.41691),(1)],[(1),(0.95939),(0.84007),(0.64952),(0.40025),(0.10975),(-0.1995),(-0.5),(-0.75927),(-0.93982),(-0.99917),(-0.88984),(-0.55935),(0.04977),(1)],[(0),(0.34988),(0.65693),(0.88186),(0.99256),(0.9676),(0.79985),(0.5),(0.1002),(-0.34245),(-0.74225),(-0.98141),(-0.90641),(-0.32448),(1)]]

[[(1),(1),(1),(1),(1),(1),(1),(1),(1),(1),(1),(1),(1),(1),(1),(1)],[(0),(0.06667),(0.13333),(0.2),(0.26667),(0.33333),(0.4),(0.46667),(0.53333),(0.6),(0.66667),(0.73333),(0.8),(0.86667),(0.93333),(1)],[(-1),(-0.99111),(-0.96444),(-0.92),(-0.85778),(-0.77778),(-0.68),(-0.56444),(-0.43111),(-0.28),(-0.11111),(0.07556),(0.28),(0.50222),(0.74222),(1)],[(0),(-0.19881),(-0.39052),(-0.568),(-0.72415),(-0.85185),(-0.944),(-0.99348),(-0.99319),(-0.936),(-0.81481),(-0.62252),(-0.352),(0.00385),(0.45215),(1)],[(1),(0.9646),(0.86031),(0.6928),(0.47157),(0.20988),(-0.0752),(-0.3628),(-0.62829),(-0.8432),(-0.97531),(-0.98858),(-0.8432),(-0.49555),(0.10179),(1)],[(0),(0.32743),(0.61993),(0.84512),(0.97565),(0.99177),(0.88384),(0.65486),(0.32301),(-0.07584),(-0.4856),(-0.8274),(-0.99712),(-0.8628),(-0.26214),(1)],[(-1),(-0.92095),(-0.69499),(-0.35475),(0.04878),(0.4513),(0.78227),(0.97401),(0.97283),(0.75219),(0.32785),(-0.22494),(-0.75219),(-0.99997),(-0.59112),(1)],[(0),(-0.45022),(-0.80526),(-0.98702),(-0.94963),(-0.6909),(-0.25802),(0.25421),(0.71468),(0.97847),(0.92273),(0.49749),(-0.20639),(-0.87048),(-0.84129),(1)]]

[[(0),(3.22114),(6.11759),(7.32635),(8.54468)],[(3.22114),(0),(2.89645),(5.64835),(8.4144)],[(6.11759),(2.89645),(0),(3.46536),(6.54429)],[(7.32635),(5.64835),(3.46536),(0),(3.37317)],[(8.54468),(8.4144),(6.54429),(3.37317),(0)]];[[(8.6429),(7.45996),(7.09382),(7.88754),(9)],[(9.17904),(8.37256),(6.40372),(8.4126),(8.77764)],[(8.17985),(8.63135),(7.62299),(8.12623),(9.31931)],[(6.28097),(7.44863),(9.17189),(7.48609),(10.1632)],[(2.9448),(7.14464),(8.94166),(7.72962),(10.355)]];[[(8.6429),(9.17904),(8.17985),(6.28097),(2.9448)],[(7.45996),(8.37256),(8.63135),(7.44863),(7.14464)],[(7.09382),(6.40372),(7.62299),(9.17189),(8.94166)],[(7.88754),(8.4126),(8.12623),(7.48609),(7.72962)],[(9),(8.77764),(9.31931),(10.1632),(10.355)]];[[(0),(4.19984),(7.49528),(8.61708),(9.39622)],[(4.19984),(0),(4.08354),(8.33542),(8.28658)],[(7.49528),(4.08354),(0),(6.151),(9.24072)],[(8.61708),(8.33542),(6.151),(0),(11.5825)],[(9.39622),(8.28658),(9.24072),(11.5825),(0)]]

[[(0),(12.0687)],[(12.0687),(0)]];[[(12.4431),(12.3366)],[(11.9491),(11.6302)]];[[(11.3178),(15)],[(12.9164),(13.8317)]];[[(12.4431),(11.9491)],[(12.3366),(11.6302)]];[[(0),(11.8711)],[(11.8711),(0)]];[[(10.1755),(15.3142)],[(12.8904),(13.6387)]];[[(11.3178),(12.9164)],[(15),(13.8317)]];[[(10.1755),(12.8904)],[(15.3142),(13.6387)]];[[(0),(14.3516)],[(14.3516),(0)]]

[[(0),(10.3864)],[(10.3864),(0)]];[[(14.1468),(11.9182)],[(10.2529),(14.2099)]];[[(12.1935),(13.4881)],[(11.8544),(13.1276)]];[[(12.0561),(16)],[(12.2505),(15.6023)]];[[(14.1468),(10.2529)],[(11.9182),(14.2099)]];[[(0),(10.538)],[(10.538),(0)]];[[(14.2809),(11.1052)],[(9.58925),(14.0808)]];[[(13.3588),(14.793)],[(12.0164),(16.4161)]];[[(12.1935),(11.8544)],[(13.4881),(13.1276)]];[[(14.2809),(9.58925)],[(11.1052),(14.0808)]];[[(0),(11.6558)],[(11.6558),(0)]];[[(12.2569),(14.7339)],[(13.0723),(16.1924)]];[[(12.0561),(12.2505)],[(16),(15.6023)]];[[(13.3588),(12.0164)],[(14.793),(16.4161)]];[[(12.2569),(13.0723)],[(14.7339),(16.1924)]];[[(0),(13.8887)],[(13.8887),(0)]]

[[(0),(0.68495),(1.41745),(2.14197),(2.80514),(3.3593),(3.76612),(4),(4.05189),(4.61755),(5.16125),(5.30856),(4.84477),(4.34468),(5)],[(0.68495),(0),(0.7325),(1.45702),(2.12019),(2.67435),(3.08117),(3.31505),(3.8663),(4.63236),(5.17606),(5.32337),(5.18028),(4.78515),(4.82193)],[(1.41745),(0.7325),(0),(0.72452),(1.38769),(1.94185),(2.34867),(2.89641),(3.7479),(4.51396),(5.05766),(5.20497),(5.47004),(5.07491),(4.73623)],[(2.14197),(1.45702),(0.72452),(0),(0.66317),(1.21733),(1.78817),(2.62175),(3.47324),(4.2393),(4.783),(5.30349),(5.56856),(5.17343),(4.76599)],[(2.80514),(2.12019),(1.38769),(0.66317),(0),(0.60408),(1.3464),(2.17998),(3.03147),(3.79753),(4.49867),(5.18242),(5.44749),(5.05236),(4.92206)],[(3.3593),(2.67435),(1.94185),(1.21733),(0.60408),(0),(0.74232),(1.5759),(2.42739),(3.24009),(4.14531),(4.82906),(5.09413),(4.699),(5.19962)],[(3.76612),(3.08117),(2.34867),(1.78817),(1.3464),(0.74232),(0),(0.83358),(1.69091),(2.66105),(3.56627),(4.25002),(4.51509),(4.6185),(5.57458)],[(4),(3.31505),(2.89641),(2.62175),(2.17998),(1.5759),(0.83358),(0),(0.91563),(1.88577),(2.79099),(3.47474),(3.73981),(4.44422),(6)],[(4.05189),(3.8663),(3.7479),(3.47324),(3.03147),(2.42739),(1.69091),(0.91563),(0),(0.97014),(1.87536),(2.55911),(3.22402),(4.04713),(6.40251)],[(4.61755),(4.63236),(4.51396),(4.2393),(3.79753),(3.24009),(2.66105),(1.88577),(0.97014),(0),(0.90522),(1.68893),(2.61498),(3.47403),(6.67877)],[(5.16125),(5.17606),(5.05766),(4.783),(4.49867),(4.14531),(3.56627),(2.79099),(1.87536),(0.90522),(0),(0.90241),(1.82846),(3.48711),(6.69185)],[(5.30856),(5.32337),(5.20497),(5.30349),(5.18242),(4.82906),(4.25002),(3.47474),(2.55911),(1.68893),(0.90241),(0),(1.07605),(3.06302),(6.26776)],[(4.84477),(5.18028),(5.47004),(5.56856),(5.44749),(5.09413),(4.51509),(3.73981),(3.22402),(2.61498),(1.82846),(1.07605),(0),(1.98697),(5.19171)],[(4.34468),(4.78515),(5.07491),(5.17343),(5.05236),(4.699),(4.6185),(4.44422),(4.04713),(3.47403),(3.48711),(3.06302),(1.98697),(0),(3.20474)],[(5),(4.82193),(4.73623),(4.76599),(4.92206),(5.19962),(5.57458),(6),(6.40251),(6.67877),(6.69185),(6.26776),(5.19171),(3.20474),(0)]]

[[(0),(1.16647),(2.4293),(3.63259),(4.63553),(5.33149),(5.66333),(6.14159),(6.73422),(6.9057),(7.08186),(6.51994),(5.72652),(5.6016),(5.53822),(8)],[(1.16647),(0),(1.26283),(2.46612),(3.46906),(4.16502),(4.88126),(5.87556),(6.47703),(7.29453),(7.47069),(6.90877),(5.70257),(5.64565),(5.42423),(8.20239)],[(2.4293),(1.26283),(0),(1.20329),(2.20623),(3.13091),(4.32851),(5.32281),(6.50928),(7.32678),(7.50294),(6.94102),(5.92626),(5.80316),(5.12982),(8.24164)],[(3.63259),(2.46612),(1.20329),(0),(1.07772),(2.29114),(3.48874),(4.86356),(6.11989),(6.93739),(7.11355),(6.55163),(6.57231),(6.31877),(5.49607),(8.09185)],[(4.63553),(3.46906),(2.20623),(1.07772),(0),(1.21342),(2.59464),(4.0469),(5.30323),(6.12073),(6.29689),(6.48567),(6.87501),(6.62147),(5.79877),(7.76889)],[(5.33149),(4.16502),(3.13091),(2.29114),(1.21342),(0),(1.41346),(2.86572),(4.12205),(4.93955),(5.43669),(6.36493),(6.75427),(6.85989),(5.97881),(7.33425)],[(5.66333),(4.88126),(4.32851),(3.48874),(2.59464),(1.41346),(0),(1.45226),(2.70859),(3.60225),(4.86947),(5.79771),(6.18705),(7.15843),(6.63133),(6.89111)],[(6.14159),(5.87556),(5.32281),(4.86356),(4.0469),(2.86572),(1.45226),(0),(1.25927),(2.63243),(3.89965),(4.82789),(6.13843),(7.21307),(7.26117),(6.57097)],[(6.73422),(6.47703),(6.50928),(6.11989),(5.30323),(4.12205),(2.70859),(1.25927),(0),(1.37316),(2.64038),(4.003),(5.8001),(7.14022),(7.45382),(6.50874)],[(6.9057),(7.29453),(7.32678),(6.93739),(6.12073),(4.93955),(3.60225),(2.63243),(1.37316),(0),(1.3787),(3.15742),(4.95452),(6.72446),(7.03806),(6.80438)],[(7.08186),(7.47069),(7.50294),(7.11355),(6.29689),(5.43669),(4.86947),(3.89965),(2.64038),(1.3787),(0),(1.77872),(3.84004),(5.60998),(6.3705),(7.46958)],[(6.51994),(6.90877),(6.94102),(6.55163),(6.48567),(6.36493),(5.79771),(4.82789),(4.003),(3.15742),(1.77872),(0),(2.08786),(3.8578),(5.30192),(8.35706)],[(5.72652),(5.70257),(5.92626),(6.57231),(6.87501),(6.75427),(6.18705),(6.13843),(5.8001),(4.95452),(3.84004),(2.08786),(0),(2.03858),(3.87564),(9.0709)],[(5.6016),(5.64565),(5.80316),(6.31877),(6.62147),(6.85989),(7.15843),(7.21307),(7.14022),(6.72446),(5.60998),(3.8578),(2.03858),(0),(2.391),(8.85606)],[(5.53822),(5.42423),(5.12982),(5.49607),(5.79877),(5.97881),(6.63133),(7.26117),(7.45382),(7.03806),(6.3705),(5.30192),(3.87564),(2.391),(0),(6.46506)],[(8),(8.20239),(8.24164),(8.09185),(7.76889),(7.33425),(6.89111),(6.57097),(6.50874),(6.80438),(7.46958),(8.35706),(9.0709),(8.85606),(6.46506),(0)]]

Query was executed successfully

Query was executed successfully

Query was executed successfully

Query was executed successfully

Query was executed successfully

