Query was executed successfully

Query was executed successfully

Query was executed successfully

Query was executed successfully

Query was executed successfully

Query was executed successfully

Query was executed successfully

Query was executed successfully

[[(1),(nan)],[(2),(2)],[(3),(nan)],[(4),(4)],[(nan),(nan)]];[[(1),(1)],[(2),(nan)],[(3),(3)],[(4),(4)],[(5),(5)]];[[(1),(1)],[(2),(2)],[(3),(3)],[(4),(4)],[(5),(5)]];[[(6),(6)],[(7),(7)],[(nan),(8)],[(9),(9)],[(nan),(nan)]];[[(nan),(6)],[(7),(7)],[(8),(8)],[(9),(9)],[(10),(10)]];[[(6),(6)],[(7),(7)],[(8),(8)],[(9),(9)],[(10),(10)]]

[[(1),(1),(1),(1),(1)],[(0),(0.11111),(0.22222),(0.33333),(0.44444)],[(-1),(-0.97531),(-0.90123),(-0.77778),(-0.60494)],[(0),(-0.32785),(-0.62277),(-0.85185),(-0.98217)],[(1),(0.90245),(0.62445),(0.20988),(-0.2681)]];[[(1),(1),(1),(1),(1)],[(0.55556),(0.66667),(0.77778),(0.88889),(1)],[(-0.38272),(-0.11111),(0.20988),(0.58025),(1)],[(-0.9808),(-0.81481),(-0.4513),(0.14266),(1)],[(-0.70706),(-0.97531),(-0.9119),(-0.32663),(1)]];[[(0),(0.52839),(0.9003),(0.99177),(0.74386)],[(-1),(-0.78503),(-0.22431),(0.4513),(0.92931)],[(0),(-0.70284),(-1),(-0.6909),(0.08219)],[(1),(0.62885),(-0.22013),(-0.9119),(-0.85625)],[(0),(0.84259),(0.90216),(0.08296),(-0.8433)]];[[(0.19518),(-0.4856),(-0.96721),(-0.72333),(1)],[(0.92392),(0.32785),(-0.59265),(-0.9593),(1)],[(0.8314),(0.92273),(0.04531),(-0.98208),(1)],[(-0.00014),(0.90245),(0.66314),(-0.78663),(1)],[(-0.83156),(0.28055),(0.98623),(-0.41637),(1)]]

[[(95),(90)],[(86),(84)],[(75),(70)],[(62),(60)],[(57),(50)],[(92),(93)],[(83),(80)],[(55),(60)],[(45),(72)],[(62),(70)]]

[[(-1),(2),(10),(44),(51),(-2)],[(-8),(-7),(8),(8),(10),(-1)],[(0),(7),(8),(8),(10),(0)],[(-1),(2),(10),(44),(51),(-3.7)],[(0.5),(70),(80),(80),(101),(13.4)],[(0.5),(7),(8),(88),(100),(0.5)],[(0.55),(71),(8.1),(80),(105),(13.4)],[(0.5),(70),(8.3),(88),(100),(13.4)]]

[[(1),(0),(0),(9),(8)],[(3),(6),(9),(1),(1)]];[[(4),(4),(4),(6),(5)],[(5),(6),(2),(0),(1)]];[[(7),(5),(0),(0),(1)],[(6),(0),(6),(6),(4)]];[[(4),(2),(0),(8),(4)],[(5),(3),(4),(2),(6)]];[[(2),(7),(6),(1),(1)],[(1),(4),(1),(6),(9)]];[[(3),(4),(1),(7),(0)],[(0),(6),(1),(1),(1)]];[[(0),(9),(1),(8),(1)],[(3),(2),(3),(9),(6)]];[[(2),(9),(9),(2),(2)],[(2),(1),(8),(1),(1)]];[[(7),(7),(8),(3),(2)],[(0),(3),(8),(6),(8)]];[[(4),(6),(9),(0),(9)],[(4),(6),(0),(0),(9)]]

[[(1),(1),(2),(0),(-3),(-2),(1),(1),(3),(1),(-2)],[(-1),(1),(-2),(0),(2),(1),(-1),(3),(-1),(-1),(3)],[(-1),(2),(-4),(1),(0),(-1),(-2),(0),(3),(-2),(1)],[(0),(0),(1),(-3),(3),(0),(0),(3),(-3),(-1),(2)],[(3),(-1),(1),(-1),(1),(3),(-3),(1),(-2),(1),(-1)],[(0),(0),(0),(-1),(-3),(0),(-2),(0),(-3),(0),(-4)],[(3),(2),(1),(-5),(-1),(-2),(3),(-4),(-2),(-2),(0)],[(-3),(-2),(1),(4),(-3),(0),(3),(1),(-1),(2),(1)],[(-1),(2),(4),(-2),(-3),(1),(1),(0),(2),(-1),(2)],[(-1),(-2),(0),(3),(3),(2),(0),(1),(-2),(-4),(0)],[(-3),(3),(-3),(-2),(-1),(-1),(-2),(-4),(3),(3),(-3)]]

[[(6),(9),(6)],[(0),(8),(8)],[(5),(5),(1)],[(3),(5),(1)],[(1),(2),(2)]];[[(8),(0),(0)],[(6),(1),(5)],[(0),(0),(9)],[(9),(3),(1)],[(4),(8),(7)]];[[(1),(8),(7)],[(3),(4),(0)],[(3),(2),(3)],[(1),(5),(4)],[(3),(3),(9)]];[[(2),(4),(2)],[(7),(6),(1)],[(6),(7),(0)],[(7),(2),(6)],[(1),(9),(1)]];[[(7),(7),(4)],[(8),(3),(9)],[(6),(6),(2)],[(2),(1),(5)],[(2),(6),(2)]];[[(0),(1),(2)],[(6),(0),(5)],[(6),(5),(0)],[(2),(0),(4)],[(8),(7),(1)]];[[(0),(7),(7)],[(3),(7),(1)],[(1),(7),(4)],[(0),(8),(2)],[(6),(5),(4)]];[[(9),(0),(5)],[(8),(4),(5)],[(8),(8),(8)],[(6),(6),(2)],[(3),(3),(4)]]

[[(-1),(0),(0),(1)],[(0),(-1),(0),(0)]];[[(1),(0),(0),(0)],[(1),(1),(1),(0)]];[[(-1),(0),(1),(0)],[(-1),(-1),(0),(0)]];[[(1),(0),(1),(-1)],[(1),(0),(0),(1)]];[[(-1),(0),(0),(0)],[(-1),(0),(0),(1)]];[[(0),(1),(1),(0)],[(-1),(-1),(-1),(0)]];[[(0),(0),(1),(-1)],[(1),(0),(1),(1)]];[[(-1),(-1),(-1),(0)],[(0),(-1),(0),(-1)]];[[(1),(1),(0),(0)],[(0),(-1),(0),(-1)]]

[[(1),(1)],[(1),(1)]];[[(1),(1)],[(1),(1)]];[[(1),(1)],[(1),(1)]];[[(1),(1)],[(1),(1)]];[[(1),(1)],[(1),(1)]];[[(1),(1)],[(1),(1)]];[[(1),(1)],[(1),(1)]];[[(1),(1)],[(1),(1)]];[[(1),(1)],[(1),(1)]]

[[(1),(nan)],[(nan),(1)]];[[(nan),(nan)],[(nan),(nan)]];[[(nan),(nan)],[(nan),(nan)]];[[(nan),(nan)],[(nan),(nan)]];[[(1),(nan)],[(nan),(1)]];[[(nan),(nan)],[(nan),(nan)]];[[(nan),(nan)],[(nan),(nan)]];[[(nan),(nan)],[(nan),(nan)]];[[(1),(1)],[(1),(1)]]

[[(1),(1)],[(1),(1)]];[[(1),(1)],[(1),(1)]];[[(1),(1)],[(1),(1)]];[[(1),(1)],[(1),(1)]];[[(1),(1)],[(1),(1)]];[[(1),(1)],[(1),(1)]];[[(1),(1)],[(1),(1)]];[[(1),(1)],[(1),(1)]];[[(1),(1)],[(1),(1)]]

[[(1),(1)],[(1),(1)]];[[(1),(1)],[(1),(1)]];[[(1),(1)],[(1),(1)]];[[(1),(1)],[(1),(1)]];[[(1),(1)],[(1),(1)]];[[(1),(1)],[(1),(1)]];[[(1),(1)],[(1),(1)]];[[(1),(1)],[(1),(1)]];[[(1),(1)],[(1),(1)]]

[[(1),(0.823544),(0.482337),(0.129637),(-0.0799232)],[(0.823544),(1),(0.865575),(0.476995),(0.0223828)],[(0.482337),(0.865575),(1),(0.816898),(0.356356)],[(0.129637),(0.476995),(0.816898),(1),(0.806144)],[(-0.0799232),(0.0223828),(0.356356),(0.806144),(1)]];[[(-0.0614375),(0.110393),(0.207085),(0.0839779),(nan)],[(-0.166114),(0.000271586),(0.243273),(0.115075),(nan)],[(-0.00315711),(-0.0686069),(0.113535),(0.158393),(nan)],[(0.423496),(0.0112003),(-0.0930243),(0.164926),(nan)],[(0.834653),(0.290365),(-0.135889),(0.0844105),(nan)]];[[(-0.0614375),(-0.166114),(-0.00315711),(0.423496),(0.834653)],[(0.110393),(0.000271586),(-0.0686069),(0.0112003),(0.290365)],[(0.207085),(0.243273),(0.113535),(-0.0930243),(-0.135889)],[(0.0839779),(0.115075),(0.158393),(0.164926),(0.0844105)],[(nan),(nan),(nan),(nan),(nan)]];[[(1),(0.706811),(0.166861),(-0.00759102),(nan)],[(0.706811),(1),(0.74916),(0.0607003),(nan)],[(0.166861),(0.74916),(1),(0.466859),(nan)],[(-0.00759102),(0.0607003),(0.466859),(1),(nan)],[(nan),(nan),(nan),(nan),(1)]]

[[(1),(0.814523)],[(0.814523),(1)]]

[[(1),(0.532774),(0.210457),(0.66107),(0.660016),(0.438243)],[(0.532774),(1),(0.470761),(0.712368),(0.762296),(0.985591)],[(0.210457),(0.470761),(1),(0.294355),(0.341237),(0.466986)],[(0.66107),(0.712368),(0.294355),(1),(0.992524),(0.677489)],[(0.660016),(0.762296),(0.341237),(0.992524),(1),(0.72787)],[(0.438243),(0.985591),(0.466986),(0.677489),(0.72787),(1)]]

[[(1),(-0.0396706),(0.169183),(-0.509127),(-0.458758)],[(-0.0396706),(1),(0.146045),(-0.475907),(-0.687164)],[(0.169183),(0.146045),(1),(-0.379586),(-0.233333)],[(-0.509127),(-0.475907),(-0.379586),(1),(0.652213)],[(-0.458758),(-0.687164),(-0.233333),(0.652213),(1)]];[[(0.464325),(-0.479717),(0.110887),(0.14376),(0.300773)],[(-0.206441),(0.599284),(0.195431),(-0.0364302),(-0.253146)],[(0.522311),(0.165567),(-0.0476259),(-0.535255),(0.326646)],[(-0.367612),(0.0648323),(0.480318),(-0.297781),(0.0755544)],[(-0.366357),(-0.108299),(-0.189344),(-0.243545),(0.199507)]];[[(0.464325),(-0.206441),(0.522311),(-0.367612),(-0.366357)],[(-0.479717),(0.599284),(0.165567),(0.0648323),(-0.108299)],[(0.110887),(0.195431),(-0.0476259),(0.480318),(-0.189344)],[(0.14376),(-0.0364302),(-0.535255),(-0.297781),(-0.243545)],[(0.300773),(-0.253146),(0.326646),(0.0755544),(0.199507)]];[[(1),(-0.183322),(-0.124485),(0.089406),(0.498045)],[(-0.183322),(1),(0.186028),(-0.424799),(0.0897045)],[(-0.124485),(0.186028),(1),(-0.360673),(0.0870881)],[(0.089406),(-0.424799),(-0.360673),(1),(-0.241635)],[(0.498045),(0.0897045),(0.0870881),(-0.241635),(1)]]

[[(1),(-0.010703),(0.352923),(-0.533721),(0.116028),(0.0402292),(-0.0133354),(-0.0528721),(-0.356465),(-0.250003),(-0.118939)],[(-0.010703),(1),(-0.270491),(-0.633298),(-0.250103),(-0.581135),(-0.11303),(-0.562778),(0.630226),(0.122531),(-0.0654831)],[(0.352923),(-0.270491),(1),(-0.17595),(-0.3327),(0.162771),(0.53652),(0.165533),(-0.22189),(-0.0137394),(0.100077)],[(-0.533721),(-0.633298),(-0.17595),(1),(0.00435669),(0.30772),(0.0172472),(0.436122),(0.0832676),(-0.00349554),(0.0954799)],[(0.116028),(-0.250103),(-0.3327),(0.00435669),(1),(0.456362),(-0.321728),(0.390369),(-0.403172),(-0.508603),(0.420673)],[(0.0402292),(-0.581135),(0.162771),(0.30772),(0.456362),(1),(-0.398026),(0.487478),(-0.425025),(-0.177357),(0.231805)],[(-0.0133354),(-0.11303),(0.53652),(0.0172472),(-0.321728),(-0.398026),(1),(-0.11927),(-0.0696793),(-0.115054),(0.32837)],[(-0.0528721),(-0.562778),(0.165533),(0.436122),(0.390369),(0.487478),(-0.11927),(1),(-0.302237),(-0.198841),(0.491657)],[(-0.356465),(0.630226),(-0.22189),(0.0832676),(-0.403172),(-0.425025),(-0.0696793),(-0.302237),(1),(0.296926),(-0.077478)],[(-0.250003),(0.122531),(-0.0137394),(-0.00349554),(-0.508603),(-0.177357),(-0.115054),(-0.198841),(0.296926),(1),(-0.434832)],[(-0.118939),(-0.0654831),(0.100077),(0.0954799),(0.420673),(0.231805),(0.32837),(0.491657),(-0.077478),(-0.434832),(1)]]

[[(1),(-0.114207),(0.0223512)],[(-0.114207),(1),(0.0620245)],[(0.0223512),(0.0620245),(1)]];[[(-0.280207),(-0.323242),(-0.209116)],[(0.281085),(-0.20146),(-0.0756301)],[(-0.178794),(-0.280419),(0.0175829)]];[[(-0.280207),(0.281085),(-0.178794)],[(-0.323242),(-0.20146),(-0.280419)],[(-0.209116),(-0.0756301),(0.0175829)]];[[(1),(0.0836294),(-0.129824)],[(0.0836294),(1),(-0.215326)],[(-0.129824),(-0.215326),(1)]]

[[(1),(0.2),(0.447214),(-0.0830455)],[(0.2),(1),(0.447214),(0.0830455)],[(0.447214),(0.447214),(1),(-0.557086)],[(-0.0830455),(0.0830455),(-0.557086),(1)]];[[(-0.664364),(-0.21693),(0),(0)],[(-0.581318),(-0.759257),(-0.774597),(0)],[(-0.557086),(-0.727607),(-0.57735),(-0.57735)],[(0.448276),(0.0450377),(0.321634),(0)]];[[(0.2),(-0.166091),(-0.433861),(-0.4)],[(0.4),(0.415227),(0.108465),(-0.2)],[(0.894427),(0.557086),(0.242536),(-0.447214)],[(-0.664364),(-0.793103),(-0.315264),(-0.415227)]];[[(-0.664364),(-0.581318),(-0.557086),(0.448276)],[(-0.21693),(-0.759257),(-0.727607),(0.0450377)],[(0),(-0.774597),(-0.57735),(0.321634)],[(0),(0),(-0.57735),(0)]];[[(1),(0.495415),(0.643268),(-0.321634)],[(0.495415),(1),(0.840168),(0.420084)],[(0.643268),(0.840168),(1),(0)],[(-0.321634),(0.420084),(0),(1)]];[[(-0.581318),(-0.448276),(0.315264),(-0.0830455)],[(-0.759257),(-0.315264),(0.0588235),(0.542326)],[(-0.774597),(-0.643268),(0),(0)],[(-0.387298),(0),(-0.420084),(0.774597)]];[[(0.2),(0.4),(0.894427),(-0.664364)],[(-0.166091),(0.415227),(0.557086),(-0.793103)],[(-0.433861),(0.108465),(0.242536),(-0.315264)],[(-0.4),(-0.2),(-0.447214),(-0.415227)]];[[(-0.581318),(-0.759257),(-0.774597),(-0.387298)],[(-0.448276),(-0.315264),(-0.643268),(0)],[(0.315264),(0.0588235),(0),(-0.420084)],[(-0.0830455),(0.542326),(0),(0.774597)]];[[(1),(0.664364),(0.108465),(-0.2)],[(0.664364),(1),(0.585491),(0.415227)],[(0.108465),(0.585491),(1),(0.108465)],[(-0.2),(0.415227),(0.108465),(1)]]

Query was executed successfully

Query was executed successfully

Query was executed successfully

Query was executed successfully

Query was executed successfully

Query was executed successfully

Query was executed successfully

Query was executed successfully

